1.000000e+00 1.197625e-11 1.704638e-10 5.551115e-17 1.197625e-11 1.000000e+00 3.562503e-10 0.000000e+00 1.704638e-10 3.562503e-10 1.000000e+00 2.220446e-16
9.999795e-01 5.025123e-04 -6.380358e-03 -4.596714e-03 -5.005160e-04 9.999998e-01 3.144878e-04 -2.001524e-03 6.380515e-03 -3.112871e-04 9.999796e-01 9.154274e-02
9.999096e-01 1.061516e-03 -1.340599e-02 -1.001116e-02 -1.058762e-03 9.999994e-01 2.126022e-04 -4.359704e-03 1.340621e-02 -1.983884e-04 9.999101e-01 1.857373e-01
9.997800e-01 1.386756e-03 -2.092925e-02 -1.753371e-02 -1.395506e-03 9.999989e-01 -4.034725e-04 -6.859665e-03 2.092867e-02 4.325913e-04 9.997809e-01 2.834672e-01
9.995454e-01 2.025309e-03 -3.008212e-02 -2.863192e-02 -2.080074e-03 9.999962e-01 -1.789331e-03 -6.726660e-03 3.007839e-02 1.851091e-03 9.995458e-01 3.873100e-01
9.991403e-01 2.230707e-03 -4.139680e-02 -4.273697e-02 -2.379114e-03 9.999909e-01 -3.536042e-03 -7.303015e-03 4.138854e-02 3.631490e-03 9.991365e-01 5.011396e-01
9.984892e-01 2.145631e-03 -5.490591e-02 -6.000009e-02 -2.394373e-03 9.999871e-01 -4.464951e-03 -8.065471e-03 5.489562e-02 4.589671e-03 9.984816e-01 6.279359e-01
9.974753e-01 2.223074e-03 -7.097932e-02 -8.275693e-02 -2.545053e-03 9.999869e-01 -4.446103e-03 -8.995000e-03 7.096851e-02 4.615524e-03 9.974679e-01 7.669396e-01
9.959798e-01 9.912399e-04 -8.957233e-02 -1.090497e-01 -1.397593e-03 9.999890e-01 -4.473982e-03 -1.033982e-02 8.956691e-02 4.581182e-03 9.959703e-01 9.191805e-01
9.939836e-01 -3.564687e-04 -1.095286e-01 -1.415335e-01 -1.406643e-04 9.999897e-01 -4.531084e-03 -1.195088e-02 1.095291e-01 4.519231e-03 9.939733e-01 1.081913e+00
9.912980e-01 -4.511767e-04 -1.316366e-01 -1.816057e-01 -1.745510e-04 9.999887e-01 -4.741873e-03 -1.604515e-02 1.316372e-01 4.723586e-03 9.912867e-01 1.251378e+00
9.877899e-01 2.927872e-03 -1.557641e-01 -2.325643e-01 -3.900867e-03 9.999747e-01 -5.941284e-03 -2.265364e-02 1.557428e-01 6.476356e-03 9.877764e-01 1.425643e+00
9.834265e-01 7.281907e-03 -1.811611e-01 -2.934590e-01 -8.809762e-03 9.999321e-01 -7.630442e-03 -3.116429e-02 1.810932e-01 9.099964e-03 9.834238e-01 1.604140e+00
9.780772e-01 1.080196e-02 -2.079623e-01 -3.616512e-01 -1.279341e-02 9.998842e-01 -8.233354e-03 -3.933357e-02 2.078493e-01 1.071340e-02 9.781022e-01 1.788640e+00
9.713483e-01 1.158386e-02 -2.373782e-01 -4.366243e-01 -1.400444e-02 9.998657e-01 -8.513365e-03 -4.313507e-02 2.372477e-01 1.159379e-02 9.713800e-01 1.979231e+00
9.632837e-01 1.344571e-02 -2.681487e-01 -5.224919e-01 -1.613640e-02 9.998391e-01 -7.832912e-03 -4.573638e-02 2.680003e-01 1.187227e-02 9.633457e-01 2.173020e+00
9.538090e-01 1.577198e-02 -2.999995e-01 -6.200940e-01 -1.861376e-02 9.998048e-01 -6.616866e-03 -4.902232e-02 2.998367e-01 1.189534e-02 9.539164e-01 2.368741e+00
9.425175e-01 1.774119e-02 -3.336855e-01 -7.248452e-01 -2.073817e-02 9.997702e-01 -5.421185e-03 -5.140743e-02 3.335126e-01 1.202959e-02 9.426689e-01 2.565689e+00
9.299713e-01 2.036643e-02 -3.670676e-01 -8.394934e-01 -2.385302e-02 9.997031e-01 -4.964301e-03 -5.397789e-02 3.668575e-01 1.337233e-02 9.301810e-01 2.758285e+00
9.160371e-01 2.349847e-02 -4.004045e-01 -9.687591e-01 -2.746958e-02 9.996139e-01 -4.180152e-03 -5.101001e-02 4.001517e-01 1.482812e-02 9.163290e-01 2.950416e+00
8.999654e-01 2.432815e-02 -4.352819e-01 -1.103633e+00 -2.866013e-02 9.995834e-01 -3.388838e-03 -4.676236e-02 4.350182e-01 1.552507e-02 9.002878e-01 3.142085e+00
8.815780e-01 2.050712e-02 -4.715927e-01 -1.242764e+00 -2.543755e-02 9.996681e-01 -4.081633e-03 -4.292676e-02 4.713525e-01 1.559444e-02 8.818071e-01 3.333105e+00
8.604449e-01 1.550968e-02 -5.093075e-01 -1.392475e+00 -2.063887e-02 9.997772e-01 -4.422429e-03 -4.238966e-02 5.091254e-01 1.431679e-02 8.605733e-01 3.523028e+00
8.357453e-01 1.684757e-02 -5.488588e-01 -1.564446e+00 -2.109935e-02 9.997763e-01 -1.439127e-03 -4.491985e-02 5.487118e-01 1.278331e-02 8.359139e-01 3.706267e+00
8.069523e-01 2.370092e-02 -5.901408e-01 -1.761568e+00 -2.696201e-02 9.996311e-01 3.279095e-03 -4.899414e-02 5.900009e-01 1.326531e-02 8.072937e-01 3.880703e+00
7.747743e-01 2.685279e-02 -6.316674e-01 -1.969361e+00 -3.022770e-02 9.995283e-01 5.415012e-03 -5.141144e-02 6.315149e-01 1.489844e-02 7.752206e-01 4.049498e+00
7.390815e-01 2.703623e-02 -6.730732e-01 -2.187835e+00 -3.078163e-02 9.995059e-01 6.348111e-03 -5.358748e-02 6.729124e-01 1.602652e-02 7.395486e-01 4.215884e+00
6.998654e-01 2.300743e-02 -7.139041e-01 -2.415527e+00 -2.506270e-02 9.996566e-01 7.646713e-03 -5.318918e-02 7.138350e-01 1.254069e-02 7.002017e-01 4.382391e+00
6.574738e-01 1.958832e-02 -7.532227e-01 -2.663146e+00 -2.008945e-02 9.997623e-01 8.464136e-03 -5.287039e-02 7.532096e-01 9.566887e-03 6.577111e-01 4.540774e+00
6.131629e-01 1.930946e-02 -7.897204e-01 -2.929115e+00 -1.750863e-02 9.997878e-01 1.085159e-02 -5.283789e-02 7.897624e-01 7.173130e-03 6.133709e-01 4.687680e+00
5.654772e-01 2.029055e-02 -8.245143e-01 -3.215512e+00 -1.550389e-02 9.997822e-01 1.397070e-02 -5.138930e-02 8.246182e-01 4.883068e-03 5.656686e-01 4.824434e+00
5.147145e-01 2.089948e-02 -8.571069e-01 -3.517839e+00 -1.382236e-02 9.997752e-01 1.607760e-02 -4.877551e-02 8.572503e-01 3.571869e-03 5.148876e-01 4.948178e+00
4.622315e-01 2.267230e-02 -8.864694e-01 -3.836955e+00 -1.311577e-02 9.997385e-01 1.873032e-02 -4.505658e-02 8.866623e-01 2.968993e-03 4.624080e-01 5.057271e+00
4.081172e-01 2.482780e-02 -9.125918e-01 -4.177130e+00 -1.202969e-02 9.996896e-01 2.181762e-02 -3.878842e-02 9.128503e-01 2.074055e-03 4.082892e-01 5.153468e+00
3.528221e-01 2.685154e-02 -9.353051e-01 -4.534335e+00 -1.174859e-02 9.996365e-01 2.426655e-02 -3.325067e-02 9.356167e-01 2.426748e-03 3.530093e-01 5.233794e+00
2.977517e-01 2.999078e-02 -9.541721e-01 -4.911075e+00 -9.323251e-03 9.995501e-01 2.850773e-02 -2.945435e-02 9.545979e-01 4.077656e-04 2.978973e-01 5.302451e+00
2.439423e-01 3.226578e-02 -9.692528e-01 -5.299329e+00 -5.239211e-03 9.994756e-01 3.195328e-02 -2.697748e-02 9.697756e-01 -2.716632e-03 2.439834e-01 5.360943e+00
1.928119e-01 3.260781e-02 -9.806938e-01 -5.701357e+00 -2.205280e-03 9.994595e-01 3.279820e-02 -2.303083e-02 9.812333e-01 -4.161174e-03 1.927796e-01 5.401694e+00
1.451008e-01 3.362423e-02 -9.888454e-01 -6.122091e+00 -3.991990e-03 9.994341e-01 3.339852e-02 -1.604266e-02 9.894089e-01 -8.986869e-04 1.451529e-01 5.421290e+00
1.020609e-01 3.392393e-02 -9.941995e-01 -6.558994e+00 -6.144850e-03 9.994208e-01 3.347129e-02 -5.757046e-03 9.947592e-01 2.693100e-03 1.022102e-01 5.427674e+00
6.378191e-02 3.251618e-02 -9.974340e-01 -7.009091e+00 -7.384401e-03 9.994570e-01 3.210994e-02 6.191584e-03 9.979366e-01 5.317422e-03 6.398739e-02 5.424017e+00
2.904726e-02 2.991174e-02 -9.991304e-01 -7.473426e+00 -6.521623e-03 9.995365e-01 2.973431e-02 1.625113e-02 9.995568e-01 5.652255e-03 2.922887e-02 5.410697e+00
-2.721994e-03 2.726005e-02 -9.996247e-01 -7.950411e+00 -5.718749e-03 9.996116e-01 2.727527e-02 2.306424e-02 9.999800e-01 5.790849e-03 -2.565041e-03 5.389282e+00
-2.964894e-02 2.550783e-02 -9.992348e-01 -8.444612e+00 -6.326376e-03 9.996495e-01 2.570614e-02 3.066422e-02 9.995404e-01 7.083698e-03 -2.947717e-02 5.353644e+00
-5.091764e-02 2.313000e-02 -9.984350e-01 -8.953007e+00 -6.820021e-03 9.997004e-01 2.350713e-02 4.057477e-02 9.986796e-01 8.006278e-03 -5.074464e-02 5.310729e+00
-6.733280e-02 2.173972e-02 -9.974937e-01 -9.480377e+00 -6.474859e-03 9.997320e-01 2.222558e-02 5.248992e-02 9.977096e-01 7.955144e-03 -6.717399e-02 5.263869e+00
-8.060838e-02 2.217432e-02 -9.964992e-01 -1.002302e+01 -5.344046e-03 9.997285e-01 2.267848e-02 6.141731e-02 9.967316e-01 7.153416e-03 -8.046799e-02 5.211227e+00
-9.045247e-02 2.383599e-02 -9.956155e-01 -1.057921e+01 -6.387145e-03 9.996791e-01 2.451356e-02 6.596199e-02 9.958803e-01 8.576455e-03 -9.027120e-02 5.153075e+00
-9.725791e-02 2.540281e-02 -9.949350e-01 -1.115274e+01 -8.559783e-03 9.996159e-01 2.635907e-02 6.936405e-02 9.952224e-01 1.108006e-02 -9.700311e-02 5.088360e+00
-1.018114e-01 2.626013e-02 -9.944570e-01 -1.173941e+01 -8.587813e-03 9.995911e-01 2.727492e-02 7.855473e-02 9.947667e-01 1.131711e-02 -1.015442e-01 5.025880e+00
-1.035005e-01 2.648562e-02 -9.942767e-01 -1.234412e+01 -6.117944e-03 9.996095e-01 2.726454e-02 9.123047e-02 9.946106e-01 8.904824e-03 -1.032980e-01 4.964841e+00
-1.028278e-01 2.847192e-02 -9.942916e-01 -1.296427e+01 -3.919262e-03 9.995709e-01 2.902843e-02 1.026715e-01 9.946915e-01 6.881821e-03 -1.026721e-01 4.901812e+00
-1.013578e-01 3.126980e-02 -9.943585e-01 -1.360015e+01 -4.596263e-03 9.994805e-01 3.189940e-02 1.095163e-01 9.948395e-01 7.803588e-03 -1.011614e-01 4.835681e+00
-9.950488e-02 3.165295e-02 -9.945335e-01 -1.425164e+01 -7.042716e-03 9.994464e-01 3.251396e-02 1.178242e-01 9.950122e-01 1.023952e-02 -9.922688e-02 4.767225e+00
-9.786425e-02 2.880843e-02 -9.947827e-01 -1.491341e+01 -8.778970e-03 9.995170e-01 2.980919e-02 1.296149e-01 9.951611e-01 1.165042e-02 -9.756407e-02 4.697363e+00
-9.663340e-02 2.858456e-02 -9.949095e-01 -1.559372e+01 -9.168533e-03 9.995195e-01 2.960754e-02 1.450798e-01 9.952778e-01 1.198294e-02 -9.632490e-02 4.629999e+00
-9.508533e-02 3.088559e-02 -9.949899e-01 -1.629098e+01 -8.691167e-03 9.994547e-01 3.185476e-02 1.622254e-01 9.954312e-01 1.167655e-02 -9.476505e-02 4.563302e+00
-9.324592e-02 3.432541e-02 -9.950512e-01 -1.700478e+01 -9.606841e-03 9.993280e-01 3.537320e-02 1.770188e-01 9.955968e-01 1.285771e-02 -9.285350e-02 4.494630e+00
-9.143352e-02 3.749733e-02 -9.951049e-01 -1.773322e+01 -1.072094e-02 9.991958e-01 3.863657e-02 1.905594e-01 9.957535e-01 1.420114e-02 -9.095798e-02 4.426532e+00
-8.963018e-02 3.633795e-02 -9.953120e-01 -1.847183e+01 -1.191924e-02 9.992235e-01 3.755412e-02 2.092753e-01 9.959038e-01 1.522934e-02 -8.912746e-02 4.359249e+00
-8.776869e-02 3.343541e-02 -9.955796e-01 -1.922427e+01 -1.418124e-02 9.992933e-01 3.481034e-02 2.305555e-01 9.960400e-01 1.717381e-02 -8.723251e-02 4.290984e+00
-8.620014e-02 3.252667e-02 -9.957467e-01 -1.998833e+01 -1.553740e-02 9.993014e-01 3.398785e-02 2.503189e-01 9.961567e-01 1.840107e-02 -8.563454e-02 4.223122e+00
-8.451284e-02 3.487323e-02 -9.958119e-01 -2.077310e+01 -1.290088e-02 9.992653e-01 3.608905e-02 2.703516e-01 9.963389e-01 1.589684e-02 -8.400085e-02 4.161929e+00
-8.331618e-02 3.705888e-02 -9.958338e-01 -2.156448e+01 -1.052013e-02 9.992199e-01 3.806506e-02 2.880249e-01 9.964677e-01 1.364774e-02 -8.286132e-02 4.100217e+00
-8.195788e-02 3.938854e-02 -9.958571e-01 -2.236419e+01 -9.754524e-03 9.991391e-01 4.032114e-02 3.062236e-01 9.965881e-01 1.301875e-02 -8.150311e-02 4.035961e+00
-8.125065e-02 3.526391e-02 -9.960697e-01 -2.316415e+01 -9.827283e-03 9.992970e-01 3.617980e-02 3.216152e-01 9.966453e-01 1.272829e-02 -8.084698e-02 3.971019e+00
-8.074505e-02 2.784209e-02 -9.963458e-01 -2.396950e+01 -8.508473e-03 9.995541e-01 2.862128e-02 3.342058e-01 9.966985e-01 1.078841e-02 -8.047215e-02 3.908970e+00
-8.068463e-02 2.317276e-02 -9.964703e-01 -2.478947e+01 -5.031547e-03 9.997075e-01 2.365546e-02 3.492536e-01 9.967270e-01 6.922422e-03 -8.054443e-02 3.849052e+00
-8.117506e-02 2.268473e-02 -9.964417e-01 -2.561886e+01 -3.485151e-03 9.997284e-01 2.304348e-02 3.615096e-01 9.966938e-01 5.343309e-03 -8.107395e-02 3.786079e+00
-8.098689e-02 3.123790e-02 -9.962255e-01 -2.646136e+01 -4.490308e-03 9.994872e-01 3.170522e-02 3.717697e-01 9.967051e-01 7.041069e-03 -8.080509e-02 3.716343e+00
-8.132601e-02 3.806049e-02 -9.959606e-01 -2.730755e+01 -5.642357e-03 9.992370e-01 3.864644e-02 3.854991e-01 9.966716e-01 8.762529e-03 -8.104921e-02 3.644752e+00
-8.165962e-02 4.388270e-02 -9.956937e-01 -2.815287e+01 -7.595689e-03 9.989738e-01 4.465022e-02 4.028815e-01 9.966314e-01 1.120910e-02 -8.124250e-02 3.569541e+00
-8.204879e-02 4.465936e-02 -9.956272e-01 -2.899762e+01 -9.387220e-03 9.989165e-01 4.558051e-02 4.194172e-01 9.965841e-01 1.308600e-02 -8.154066e-02 3.492898e+00
-8.245294e-02 4.133613e-02 -9.957373e-01 -2.983721e+01 -9.690603e-03 9.990589e-01 4.227647e-02 4.370064e-01 9.965479e-01 1.313512e-02 -8.197477e-02 3.418460e+00
-8.290210e-02 3.805547e-02 -9.958308e-01 -3.067424e+01 -9.508351e-03 9.991949e-01 3.897560e-02 4.566603e-01 9.965124e-01 1.269987e-02 -8.247351e-02 3.346046e+00
-8.288970e-02 3.922072e-02 -9.957866e-01 -3.151586e+01 -1.105292e-02 9.991276e-01 4.027237e-02 4.763855e-01 9.964975e-01 1.434452e-02 -8.238388e-02 3.271990e+00
-8.269813e-02 4.194649e-02 -9.956915e-01 -3.235442e+01 -1.214292e-02 9.989972e-01 4.309431e-02 4.917256e-01 9.965007e-01 1.565442e-02 -8.210584e-02 3.198821e+00
-8.271724e-02 4.082259e-02 -9.957366e-01 -3.319517e+01 -1.302830e-02 9.990310e-01 4.203994e-02 5.076454e-01 9.964879e-01 1.645018e-02 -8.210524e-02 3.123626e+00
-8.231200e-02 3.566380e-02 -9.959683e-01 -3.402626e+01 -1.376549e-02 9.992235e-01 3.691803e-02 5.241899e-01 9.965116e-01 1.674879e-02 -8.175715e-02 3.051261e+00
-8.195133e-02 3.105421e-02 -9.961524e-01 -3.486004e+01 -1.499027e-02 9.993629e-01 3.238752e-02 5.386702e-01 9.965236e-01 1.758679e-02 -8.143361e-02 2.980358e+00
-8.151395e-02 3.157687e-02 -9.961718e-01 -3.569639e+01 -1.501861e-02 9.993456e-01 3.290641e-02 5.500320e-01 9.965591e-01 1.764345e-02 -8.098637e-02 2.910621e+00
-8.074712e-02 3.441770e-02 -9.961402e-01 -3.653345e+01 -1.407711e-02 9.992646e-01 3.566675e-02 5.579548e-01 9.966352e-01 1.690276e-02 -8.020323e-02 2.843137e+00
-8.028235e-02 3.893236e-02 -9.960115e-01 -3.737375e+01 -1.355742e-02 9.991018e-01 4.014595e-02 5.707777e-01 9.966800e-01 1.672636e-02 -7.968242e-02 2.775070e+00
-7.964970e-02 4.443042e-02 -9.958322e-01 -3.821476e+01 -1.275581e-02 9.988789e-01 4.558661e-02 5.878615e-01 9.967413e-01 1.633361e-02 -7.899366e-02 2.706985e+00
-7.980664e-02 4.835639e-02 -9.956367e-01 -3.904918e+01 -1.285875e-02 9.986896e-01 4.953538e-02 6.055646e-01 9.967275e-01 1.675590e-02 -7.908026e-02 2.638855e+00
-7.952916e-02 4.776542e-02 -9.956875e-01 -3.988167e+01 -1.253987e-02 9.987243e-01 4.891272e-02 6.246496e-01 9.967537e-01 1.637579e-02 -7.882874e-02 2.572257e+00
-7.935204e-02 4.425698e-02 -9.958637e-01 -4.071171e+01 -1.242385e-02 9.988924e-01 4.538155e-02 6.464858e-01 9.967693e-01 1.597358e-02 -7.871431e-02 2.504806e+00
-7.897161e-02 3.959310e-02 -9.960903e-01 -4.153840e+01 -1.315326e-02 9.990826e-01 4.075486e-02 6.640169e-01 9.967901e-01 1.632031e-02 -7.837838e-02 2.436154e+00
-7.862370e-02 3.683575e-02 -9.962236e-01 -4.236520e+01 -1.711449e-02 9.991199e-01 3.829356e-02 6.807227e-01 9.967575e-01 2.006064e-02 -7.792408e-02 2.363072e+00
-7.912445e-02 3.465562e-02 -9.962622e-01 -4.319143e+01 -2.040105e-02 9.991299e-01 3.637566e-02 6.977483e-01 9.966560e-01 2.320300e-02 -7.834860e-02 2.290205e+00
-7.976546e-02 3.312770e-02 -9.962630e-01 -4.401519e+01 -1.910751e-02 9.992131e-01 3.475564e-02 7.092788e-01 9.966305e-01 2.180841e-02 -7.906970e-02 2.223683e+00
-8.099499e-02 2.976202e-02 -9.962700e-01 -4.483883e+01 -1.535850e-02 9.993981e-01 3.110410e-02 7.206987e-01 9.965962e-01 1.782049e-02 -8.048914e-02 2.160908e+00
-8.168221e-02 2.762876e-02 -9.962754e-01 -4.566121e+01 -1.115209e-02 9.995277e-01 2.863330e-02 7.331961e-01 9.965961e-01 1.344938e-02 -8.133552e-02 2.096619e+00
-8.331048e-02 3.088015e-02 -9.960451e-01 -4.648335e+01 -1.024723e-02 9.994403e-01 3.184251e-02 7.434451e-01 9.964710e-01 1.285952e-02 -8.294742e-02 2.028253e+00
-8.506616e-02 3.760111e-02 -9.956655e-01 -4.730744e+01 -8.393766e-03 9.992251e-01 3.845268e-02 7.534145e-01 9.963400e-01 1.162841e-02 -8.468463e-02 1.959122e+00
-8.682806e-02 4.163558e-02 -9.953529e-01 -4.812333e+01 -6.298404e-03 9.990833e-01 4.234107e-02 7.646921e-01 9.962034e-01 9.945529e-03 -8.648623e-02 1.890493e+00
-8.855103e-02 4.048818e-02 -9.952484e-01 -4.893314e+01 -5.319431e-03 9.991400e-01 4.111980e-02 7.767209e-01 9.960575e-01 8.935358e-03 -8.825951e-02 1.820295e+00
-8.958858e-02 3.722221e-02 -9.952831e-01 -4.973553e+01 -9.200308e-03 9.992278e-01 3.819790e-02 7.874193e-01 9.959364e-01 1.257901e-02 -8.917694e-02 1.740695e+00
-9.088125e-02 3.306855e-02 -9.953125e-01 -5.053252e+01 -1.334325e-02 9.993184e-01 3.442002e-02 7.989932e-01 9.957724e-01 1.640884e-02 -9.037806e-02 1.659366e+00
-9.202649e-02 3.137353e-02 -9.952622e-01 -5.132871e+01 -1.768445e-02 9.992944e-01 3.313583e-02 8.126433e-01 9.955995e-01 2.065004e-02 -9.140673e-02 1.575304e+00
-9.301301e-02 3.268320e-02 -9.951283e-01 -5.212276e+01 -1.993854e-02 9.991995e-01 3.468054e-02 8.219496e-01 9.954653e-01 2.306714e-02 -9.228690e-02 1.493752e+00
-9.396287e-02 3.429642e-02 -9.949848e-01 -5.291590e+01 -1.947438e-02 9.991519e-01 3.627916e-02 8.317695e-01 9.953852e-01 2.278560e-02 -9.321528e-02 1.416807e+00
-9.489148e-02 3.383215e-02 -9.949125e-01 -5.370196e+01 -2.126901e-02 9.991253e-01 3.600398e-02 8.419538e-01 9.952604e-01 2.457727e-02 -9.408890e-02 1.337479e+00
-9.547628e-02 3.365711e-02 -9.948625e-01 -5.448400e+01 -2.234157e-02 9.991040e-01 3.594471e-02 8.494927e-01 9.951810e-01 2.565866e-02 -9.463878e-02 1.258994e+00
-9.600787e-02 3.526470e-02 -9.947557e-01 -5.526303e+01 -2.088946e-02 9.990807e-01 3.743416e-02 8.601357e-01 9.951614e-01 2.437388e-02 -9.518295e-02 1.184702e+00
-9.631614e-02 3.786491e-02 -9.946303e-01 -5.603808e+01 -1.966748e-02 9.990086e-01 3.993612e-02 8.696735e-01 9.951565e-01 2.340836e-02 -9.547595e-02 1.110756e+00
-9.631889e-02 4.229139e-02 -9.944516e-01 -5.681074e+01 -2.023666e-02 9.988072e-01 4.443667e-02 8.820234e-01 9.951448e-01 2.440447e-02 -9.534816e-02 1.032637e+00
-9.679243e-02 4.476912e-02 -9.942972e-01 -5.757460e+01 -2.017706e-02 9.986943e-01 4.693131e-02 8.957003e-01 9.951001e-01 2.460459e-02 -9.576274e-02 9.565390e-01
-9.751230e-02 4.461774e-02 -9.942337e-01 -5.833039e+01 -1.973636e-02 9.987114e-01 4.675439e-02 9.106542e-01 9.950386e-01 2.418168e-02 -9.650605e-02 8.830630e-01
-9.795446e-02 4.283838e-02 -9.942685e-01 -5.907759e+01 -1.906692e-02 9.988089e-01 4.491248e-02 9.234551e-01 9.950083e-01 2.335701e-02 -9.702100e-02 8.100074e-01
-9.803627e-02 3.931108e-02 -9.944061e-01 -5.981040e+01 -1.882451e-02 9.989675e-01 4.134728e-02 9.337799e-01 9.950048e-01 2.277274e-02 -9.719504e-02 7.359683e-01
-9.799930e-02 3.666304e-02 -9.945109e-01 -6.053658e+01 -1.904440e-02 9.990691e-01 3.870773e-02 9.432177e-01 9.950043e-01 2.273319e-02 -9.720985e-02 6.623665e-01
-9.675594e-02 3.416077e-02 -9.947217e-01 -6.124548e+01 -1.957872e-02 9.991521e-01 3.621733e-02 9.508013e-01 9.951156e-01 2.297962e-02 -9.600508e-02 5.919478e-01
-9.446826e-02 3.336158e-02 -9.949687e-01 -6.194033e+01 -2.166315e-02 9.991328e-01 3.555804e-02 9.565112e-01 9.952922e-01 2.491326e-02 -9.366362e-02 5.237598e-01
-9.065597e-02 3.447304e-02 -9.952854e-01 -6.262022e+01 -2.266347e-02 9.990704e-01 3.666846e-02 9.607290e-01 9.956244e-01 2.588084e-02 -8.979042e-02 4.617179e-01
-8.478874e-02 3.562920e-02 -9.957617e-01 -6.328551e+01 -2.179694e-02 9.990550e-01 3.760305e-02 9.654748e-01 9.961605e-01 2.489288e-02 -8.393200e-02 4.088407e-01
-7.769131e-02 3.737607e-02 -9.962766e-01 -6.393546e+01 -2.099037e-02 9.990142e-01 3.911565e-02 9.696725e-01 9.967565e-01 2.395116e-02 -7.683019e-02 3.622951e-01
-6.908210e-02 3.878501e-02 -9.968567e-01 -6.457047e+01 -2.201573e-02 9.989413e-01 4.039181e-02 9.742130e-01 9.973681e-01 2.473688e-02 -6.815508e-02 3.201877e-01
-5.715155e-02 4.050175e-02 -9.975436e-01 -6.518991e+01 -2.428573e-02 9.988247e-01 4.194516e-02 9.801827e-01 9.980701e-01 2.662331e-02 -5.610077e-02 2.859581e-01
-4.271090e-02 4.211609e-02 -9.981994e-01 -6.579136e+01 -2.736683e-02 9.986869e-01 4.330764e-02 9.882448e-01 9.987126e-01 2.916726e-02 -4.150223e-02 2.627668e-01
-2.429915e-02 4.346382e-02 -9.987594e-01 -6.637563e+01 -2.907338e-02 9.986011e-01 4.416428e-02 9.966522e-01 9.992819e-01 3.011046e-02 -2.300152e-02 2.555668e-01
-2.518869e-03 4.426213e-02 -9.990168e-01 -6.693703e+01 -3.030184e-02 9.985578e-01 4.431821e-02 1.003712e+00 9.995377e-01 3.038367e-02 -1.174011e-03 2.646196e-01
2.288678e-02 4.500994e-02 -9.987243e-01 -6.747673e+01 -3.012122e-02 9.985635e-01 4.431245e-02 1.009213e+00 9.992842e-01 2.906862e-02 2.420966e-02 2.941699e-01
5.165759e-02 4.439305e-02 -9.976777e-01 -6.799052e+01 -2.852108e-02 9.986696e-01 4.296044e-02 1.013813e+00 9.982575e-01 2.623562e-02 5.285500e-02 3.455598e-01
8.536048e-02 4.448258e-02 -9.953566e-01 -6.848214e+01 -2.750150e-02 9.987274e-01 4.227474e-02 1.016477e+00 9.959705e-01 2.376521e-02 8.647519e-02 4.164808e-01
1.227573e-01 4.458956e-02 -9.914345e-01 -6.895412e+01 -2.686321e-02 9.987734e-01 4.159349e-02 1.019824e+00 9.920731e-01 2.152721e-02 1.238045e-01 5.048813e-01
1.629811e-01 4.426984e-02 -9.856355e-01 -6.940376e+01 -2.671630e-02 9.988245e-01 4.044453e-02 1.021543e+00 9.862674e-01 1.974084e-02 1.639723e-01 6.110892e-01
2.077988e-01 4.518369e-02 -9.771275e-01 -6.984846e+01 -2.578527e-02 9.988384e-01 4.070408e-02 1.023928e+00 9.778317e-01 1.673724e-02 2.087225e-01 7.419667e-01
2.555492e-01 4.418568e-02 -9.657858e-01 -7.027047e+01 -2.323950e-02 9.989471e-01 3.955363e-02 1.024337e+00 9.665167e-01 1.233648e-02 2.563070e-01 8.955753e-01
3.052822e-01 3.940288e-02 -9.514463e-01 -7.068171e+01 -1.572097e-02 9.992159e-01 3.633695e-02 1.023888e+00 9.521322e-01 3.864635e-03 3.056623e-01 1.080744e+00
3.561290e-01 3.412235e-02 -9.338136e-01 -7.106861e+01 -1.009255e-02 9.994152e-01 3.267050e-02 1.025888e+00 9.343823e-01 -2.210349e-03 3.562651e-01 1.285746e+00
4.079745e-01 2.889902e-02 -9.125358e-01 -7.145144e+01 -4.496180e-03 9.995504e-01 2.964455e-02 1.032362e+00 9.129823e-01 -7.991289e-03 4.079211e-01 1.513560e+00
4.589753e-01 2.786762e-02 -8.880119e-01 -7.181419e+01 -4.383319e-03 9.995668e-01 2.910289e-02 1.040291e+00 8.884383e-01 -9.465065e-03 4.588986e-01 1.753829e+00
5.069013e-01 2.653927e-02 -8.615955e-01 -7.217075e+01 -3.181020e-03 9.995767e-01 2.891796e-02 1.045549e+00 8.619983e-01 -1.191779e-02 5.067711e-01 2.013647e+00
5.520074e-01 2.262555e-02 -8.335322e-01 -7.250742e+01 4.001910e-03 9.995484e-01 2.978219e-02 1.049184e+00 8.338297e-01 -1.977570e-02 5.516675e-01 2.296944e+00
5.956629e-01 1.585576e-02 -8.030780e-01 -7.281071e+01 1.549808e-02 9.993921e-01 3.122705e-02 1.052187e+00 8.030850e-01 -3.104695e-02 5.950551e-01 2.601772e+00
6.381226e-01 1.052786e-02 -7.698628e-01 -7.310855e+01 1.763745e-02 9.994442e-01 2.828668e-02 1.052214e+00 7.697328e-01 -3.162878e-02 6.375822e-01 2.908665e+00
6.793713e-01 6.183858e-03 -7.337686e-01 -7.338524e+01 1.438602e-02 9.996600e-01 2.174420e-02 1.051991e+00 7.336537e-01 -2.532839e-02 6.790514e-01 3.220823e+00
7.198790e-01 -1.153949e-03 -6.940987e-01 -7.365932e+01 1.134516e-02 9.998846e-01 1.010422e-02 1.056081e+00 6.940069e-01 -1.514848e-02 7.198090e-01 3.554385e+00
7.593590e-01 -4.902043e-03 -6.506534e-01 -7.391333e+01 7.111606e-03 9.999744e-01 7.659137e-04 1.058753e+00 6.506330e-01 -5.208790e-03 7.593745e-01 3.911270e+00
7.967185e-01 -6.044423e-03 -6.043204e-01 -7.416588e+01 5.806608e-03 9.999804e-01 -2.346559e-03 1.057855e+00 6.043228e-01 -1.639502e-03 7.967379e-01 4.300551e+00
8.310408e-01 -8.059018e-03 -5.561530e-01 -7.440171e+01 6.588534e-03 9.999675e-01 -4.645155e-03 1.057076e+00 5.561724e-01 1.960829e-04 8.310669e-01 4.718510e+00
8.620977e-01 -7.374496e-03 -5.066885e-01 -7.461515e+01 4.114510e-03 9.999630e-01 -7.553191e-03 1.053457e+00 5.067255e-01 4.426815e-03 8.620961e-01 5.155827e+00
8.886387e-01 -5.432656e-03 -4.585759e-01 -7.482560e+01 3.165614e-03 9.999786e-01 -5.712150e-03 1.044844e+00 4.585971e-01 3.624365e-03 8.886369e-01 5.623155e+00
9.103879e-01 1.247129e-04 -4.137557e-01 -7.501816e+01 -2.268793e-03 9.999864e-01 -4.690620e-03 1.038119e+00 4.137495e-01 5.209011e-03 9.103759e-01 6.110247e+00
9.282975e-01 4.418182e-03 -3.718121e-01 -7.520557e+01 -7.412496e-03 9.999506e-01 -6.624412e-03 1.035836e+00 3.717645e-01 8.905481e-03 9.282844e-01 6.618096e+00
9.422181e-01 8.825716e-03 -3.348837e-01 -7.537989e+01 -1.143552e-02 9.999176e-01 -5.822212e-03 1.030282e+00 3.348048e-01 9.315364e-03 9.422415e-01 7.151976e+00
9.526123e-01 1.032154e-02 -3.040119e-01 -7.553930e+01 -1.194835e-02 9.999225e-01 -3.491331e-03 1.020134e+00 3.039523e-01 6.958325e-03 9.526619e-01 7.706095e+00
9.601292e-01 9.160134e-03 -2.794067e-01 -7.569196e+01 -1.017334e-02 9.999459e-01 -2.176331e-03 1.010452e+00 2.793717e-01 4.932060e-03 9.601704e-01 8.281091e+00
9.661414e-01 8.961543e-03 -2.578573e-01 -7.583698e+01 -9.326138e-03 9.999565e-01 -1.908557e-04 1.004688e+00 2.578444e-01 2.589208e-03 9.661830e-01 8.874404e+00
9.708685e-01 1.164663e-02 -2.393295e-01 -7.598069e+01 -1.133083e-02 9.999321e-01 2.695421e-03 9.966334e-01 2.393447e-01 9.490508e-05 9.709347e-01 9.486418e+00
9.745261e-01 1.556476e-02 -2.237336e-01 -7.612225e+01 -1.516088e-02 9.998788e-01 3.522981e-03 9.889481e-01 2.237613e-01 -4.123826e-05 9.746440e-01 1.011220e+01
9.775062e-01 2.013451e-02 -2.099436e-01 -7.625804e+01 -1.939283e-02 9.997963e-01 5.591008e-03 9.812746e-01 2.100134e-01 -1.393842e-03 9.776975e-01 1.075522e+01
9.802980e-01 1.842505e-02 -1.966633e-01 -7.637903e+01 -1.774418e-02 9.998289e-01 5.223750e-03 9.768095e-01 1.967259e-01 -1.631200e-03 9.804572e-01 1.141499e+01
9.829611e-01 1.830401e-02 -1.828999e-01 -7.649294e+01 -1.770182e-02 9.998312e-01 4.924682e-03 9.734490e-01 1.829592e-01 -1.603108e-03 9.831192e-01 1.209150e+01
9.855730e-01 1.863308e-02 -1.682221e-01 -7.660203e+01 -1.798644e-02 9.998238e-01 5.367037e-03 9.705966e-01 1.682925e-01 -2.263888e-03 9.857345e-01 1.278422e+01
9.879063e-01 1.985395e-02 -1.537755e-01 -7.670271e+01 -1.919323e-02 9.997991e-01 5.780145e-03 9.650851e-01 1.538594e-01 -2.758791e-03 9.880889e-01 1.349407e+01
9.898226e-01 1.986472e-02 -1.409137e-01 -7.679658e+01 -1.959850e-02 9.998025e-01 3.276917e-03 9.546485e-01 1.409510e-01 -4.818675e-04 9.900165e-01 1.421250e+01
9.913422e-01 2.118524e-02 -1.295831e-01 -7.688462e+01 -2.151281e-02 9.997679e-01 -1.128479e-03 9.437305e-01 1.295291e-01 3.906406e-03 9.915679e-01 1.494545e+01
9.926196e-01 1.845295e-02 -1.198577e-01 -7.696463e+01 -1.957470e-02 9.997748e-01 -8.188277e-03 9.352274e-01 1.196796e-01 1.047402e-02 9.927573e-01 1.568785e+01
9.935925e-01 1.788793e-02 -1.115977e-01 -7.704091e+01 -1.906292e-02 9.997734e-01 -9.470564e-03 9.267552e-01 1.114030e-01 1.153726e-02 9.937084e-01 1.644684e+01
9.943126e-01 1.972079e-02 -1.046592e-01 -7.711873e+01 -2.014681e-02 9.997925e-01 -3.014790e-03 9.133109e-01 1.045780e-01 5.106192e-03 9.945036e-01 1.721856e+01
9.947552e-01 2.430267e-02 -9.935508e-02 -7.719881e+01 -2.389875e-02 9.997006e-01 5.253839e-03 8.975356e-01 9.945301e-02 -2.851820e-03 9.950382e-01 1.799359e+01
9.951550e-01 2.547064e-02 -9.496225e-02 -7.727201e+01 -2.458401e-02 9.996426e-01 1.049518e-02 8.859440e-01 9.519564e-02 -8.109779e-03 9.954256e-01 1.876754e+01
9.955248e-01 2.343596e-02 -9.154850e-02 -7.733723e+01 -2.275392e-02 9.997050e-01 8.486912e-03 8.765600e-01 9.172041e-02 -6.365842e-03 9.957645e-01 1.953401e+01
9.958152e-01 2.366515e-02 -8.827304e-02 -7.740244e+01 -2.309353e-02 9.997052e-01 7.491474e-03 8.673710e-01 8.842431e-02 -5.421586e-03 9.960682e-01 2.030151e+01
9.961043e-01 2.209172e-02 -8.537129e-02 -7.746374e+01 -2.137124e-02 9.997279e-01 9.344273e-03 8.595219e-01 8.555450e-02 -7.483377e-03 9.963054e-01 2.107246e+01
9.963535e-01 2.020556e-02 -8.289442e-02 -7.752113e+01 -1.925622e-02 9.997397e-01 1.223602e-02 8.514204e-01 8.312008e-02 -1.059517e-02 9.964832e-01 2.184296e+01
9.966536e-01 1.782813e-02 -7.977275e-02 -7.757340e+01 -1.673759e-02 9.997574e-01 1.431852e-02 8.408161e-01 8.000867e-02 -1.293540e-02 9.967102e-01 2.261434e+01
9.968839e-01 1.707070e-02 -7.701412e-02 -7.762210e+01 -1.623422e-02 9.998023e-01 1.147455e-02 8.279106e-01 7.719478e-02 -1.018853e-02 9.969640e-01 2.337766e+01
9.969879e-01 1.955555e-02 -7.505097e-02 -7.767675e+01 -1.932613e-02 9.998061e-01 3.782018e-03 8.191268e-01 7.511038e-02 -2.320180e-03 9.971725e-01 2.413827e+01